# BON2020_LIS spectra tabulated for shieldSim
# Source model: Badhwar-O'Neill 2020 LIS parameters (Z=1 and Z=2)
# Energy column: total kinetic energy [MeV]
# Flux columns: differential flux [particles / (m^2 sr s MeV)]
# NOTE:
#   proton flux is tabulated directly versus total kinetic energy (same as MeV/n for A=1)
#   alpha flux is converted from BON2020's MeV/n representation to total kinetic energy:
#       E_total = 4*T_n,  flux_per_MeV(total) = flux_per_MeV_per_nucleon / 4
# Columns:
#   E_MeV_total   proton_flux   alpha_flux
1.00000000e+01 6.91190327e-14 0.00000000e+00
1.01862899e+01 7.04238690e-14 0.00000000e+00
1.03760502e+01 7.17521979e-14 0.00000000e+00
1.05693455e+01 7.31043988e-14 0.00000000e+00
1.07662418e+01 7.44808555e-14 0.00000000e+00
1.09668060e+01 7.58819562e-14 0.00000000e+00
1.11711065e+01 7.73080935e-14 0.00000000e+00
1.13792129e+01 7.87596642e-14 0.00000000e+00
1.15911962e+01 8.02370698e-14 0.00000000e+00
1.18071285e+01 8.17407156e-14 0.00000000e+00
1.20270833e+01 8.32710116e-14 0.00000000e+00
1.22511358e+01 8.48283717e-14 0.00000000e+00
1.24793621e+01 8.64132141e-14 0.00000000e+00
1.27118400e+01 8.80259611e-14 0.00000000e+00
1.29486487e+01 8.96670389e-14 0.00000000e+00
1.31898690e+01 9.13368778e-14 0.00000000e+00
1.34355829e+01 9.30359120e-14 0.00000000e+00
1.36858742e+01 9.47645795e-14 0.00000000e+00
1.39408283e+01 9.65233220e-14 0.00000000e+00
1.42005318e+01 9.83125848e-14 0.00000000e+00
1.44650734e+01 1.00132817e-13 0.00000000e+00
1.47345431e+01 1.01984471e-13 0.00000000e+00
1.50090328e+01 1.03868002e-13 0.00000000e+00
1.52886359e+01 1.05783869e-13 0.00000000e+00
1.55734477e+01 1.07732534e-13 0.00000000e+00
1.58635653e+01 1.09714463e-13 0.00000000e+00
1.61590875e+01 1.11730122e-13 0.00000000e+00
1.64601150e+01 1.13779983e-13 0.00000000e+00
1.67667503e+01 1.15864517e-13 0.00000000e+00
1.70790980e+01 1.17984200e-13 0.00000000e+00
1.73972643e+01 1.20139510e-13 0.00000000e+00
1.77213578e+01 1.22330926e-13 0.00000000e+00
1.80514888e+01 1.24558928e-13 0.00000000e+00
1.83877698e+01 1.26823998e-13 0.00000000e+00
1.87303154e+01 1.29126622e-13 0.00000000e+00
1.90792422e+01 1.31467283e-13 0.00000000e+00
1.94346693e+01 1.33846467e-13 0.00000000e+00
1.97967175e+01 1.36264661e-13 0.00000000e+00
2.01655104e+01 1.38722350e-13 0.00000000e+00
2.05411735e+01 1.41220021e-13 0.00000000e+00
2.09238348e+01 1.43758161e-13 0.00000000e+00
2.13136247e+01 1.46337255e-13 0.00000000e+00
2.17106760e+01 1.48957787e-13 0.00000000e+00
2.21151240e+01 1.51620241e-13 0.00000000e+00
2.25271064e+01 1.54325098e-13 0.00000000e+00
2.29467637e+01 1.57072838e-13 0.00000000e+00
2.33742387e+01 1.59863939e-13 0.00000000e+00
2.38096772e+01 1.62698875e-13 0.00000000e+00
2.42532274e+01 1.65578117e-13 0.00000000e+00
2.47050406e+01 1.68502133e-13 0.00000000e+00
2.51652705e+01 1.71471387e-13 0.00000000e+00
2.56340741e+01 1.74486337e-13 0.00000000e+00
2.61116110e+01 1.77547437e-13 0.00000000e+00
2.65980440e+01 1.80655136e-13 0.00000000e+00
2.70935387e+01 1.83809877e-13 0.00000000e+00
2.75982639e+01 1.87012094e-13 0.00000000e+00
2.81123917e+01 1.90262217e-13 0.00000000e+00
2.86360972e+01 1.93560667e-13 0.00000000e+00
2.91695588e+01 1.96907855e-13 0.00000000e+00
2.97129582e+01 2.00304186e-13 0.00000000e+00
3.02664806e+01 2.03750053e-13 0.00000000e+00
3.08303146e+01 2.07245840e-13 0.00000000e+00
3.14046522e+01 2.10791919e-13 0.00000000e+00
3.19896892e+01 2.14388652e-13 0.00000000e+00
3.25856248e+01 2.18036387e-13 0.00000000e+00
3.31926620e+01 2.21735459e-13 0.00000000e+00
3.38110078e+01 2.25486191e-13 0.00000000e+00
3.44408728e+01 2.29288888e-13 0.00000000e+00
3.50824714e+01 2.33143843e-13 0.00000000e+00
3.57360225e+01 2.37051330e-13 0.00000000e+00
3.64017485e+01 2.41011608e-13 0.00000000e+00
3.70798763e+01 2.45024915e-13 0.00000000e+00
3.77706369e+01 2.49091473e-13 0.00000000e+00
3.84742658e+01 2.53211482e-13 0.00000000e+00
3.91910025e+01 2.57385121e-13 0.00000000e+00
3.99210913e+01 2.61612550e-13 0.00000000e+00
4.06647809e+01 2.65893904e-13 0.00000000e+00
4.14223247e+01 2.70229292e-13 0.00000000e+00
4.21939808e+01 2.74618802e-13 0.00000000e+00
4.29800121e+01 2.79062495e-13 0.00000000e+00
4.37806863e+01 2.83560402e-13 0.00000000e+00
4.45962763e+01 2.88112530e-13 0.00000000e+00
4.54270599e+01 2.92718854e-13 0.00000000e+00
4.62733201e+01 2.97379319e-13 0.00000000e+00
4.71353453e+01 3.02093839e-13 0.00000000e+00
4.80134292e+01 3.06862295e-13 0.00000000e+00
4.89078709e+01 3.11684532e-13 0.00000000e+00
4.98189752e+01 3.16560363e-13 0.00000000e+00
5.07470524e+01 3.21489563e-13 0.00000000e+00
5.16924187e+01 3.26471868e-13 0.00000000e+00
5.26553963e+01 3.31506976e-13 0.00000000e+00
5.36363132e+01 3.36594546e-13 0.00000000e+00
5.46355035e+01 3.41734193e-13 0.00000000e+00
5.56533078e+01 3.46925489e-13 0.00000000e+00
5.66900727e+01 3.52167964e-13 0.00000000e+00
5.77461515e+01 3.57461101e-13 0.00000000e+00
5.88219040e+01 3.62804334e-13 0.00000000e+00
5.99176967e+01 3.68197053e-13 0.00000000e+00
6.10339029e+01 3.73638594e-13 0.00000000e+00
6.21709029e+01 3.79128245e-13 0.00000000e+00
6.33290840e+01 3.84665240e-13 0.00000000e+00
6.45088409e+01 3.90248759e-13 0.00000000e+00
6.57105755e+01 3.95877928e-13 0.00000000e+00
6.69346971e+01 4.01551815e-13 0.00000000e+00
6.81816229e+01 4.07269431e-13 0.00000000e+00
6.94517777e+01 4.13029728e-13 0.00000000e+00
7.07455942e+01 4.18831598e-13 0.00000000e+00
7.20635132e+01 4.24673870e-13 0.00000000e+00
7.34059837e+01 4.30555311e-13 0.00000000e+00
7.47734631e+01 4.36474622e-13 0.00000000e+00
7.61664172e+01 4.42430441e-13 0.00000000e+00
7.75853206e+01 4.48421337e-13 0.00000000e+00
7.90306568e+01 4.54445812e-13 0.00000000e+00
8.05029181e+01 4.60502299e-13 0.00000000e+00
8.20026062e+01 4.66589161e-13 0.00000000e+00
8.35302320e+01 4.72704691e-13 0.00000000e+00
8.50863158e+01 4.78847106e-13 0.00000000e+00
8.66713880e+01 4.85014555e-13 0.00000000e+00
8.82859884e+01 4.91205109e-13 0.00000000e+00
8.99306672e+01 4.97416767e-13 0.00000000e+00
9.16059848e+01 5.03647450e-13 0.00000000e+00
9.33125118e+01 5.09895005e-13 0.00000000e+00
9.50508296e+01 5.16157201e-13 0.00000000e+00
9.68215306e+01 5.22431731e-13 0.00000000e+00
9.86252179e+01 5.28716208e-13 0.00000000e+00
1.00462506e+02 5.35008168e-13 0.00000000e+00
1.02334021e+02 5.41305071e-13 0.00000000e+00
1.04240401e+02 5.47604293e-13 0.00000000e+00
1.06182294e+02 5.53903138e-13 0.00000000e+00
1.08160363e+02 5.60198826e-13 0.00000000e+00
1.10175281e+02 5.66488502e-13 0.00000000e+00
1.12227736e+02 5.72769233e-13 0.00000000e+00
1.14318425e+02 5.79038005e-13 0.00000000e+00
1.16448062e+02 5.85291732e-13 0.00000000e+00
1.18617372e+02 5.91527249e-13 0.00000000e+00
1.20827094e+02 5.97741314e-13 0.00000000e+00
1.23077980e+02 6.03930615e-13 0.00000000e+00
1.25370799e+02 6.10091762e-13 0.00000000e+00
1.27706330e+02 6.16221296e-13 0.00000000e+00
1.30085370e+02 6.22315687e-13 0.00000000e+00
1.32508729e+02 6.28371336e-13 0.00000000e+00
1.34977233e+02 6.34384576e-13 0.00000000e+00
1.37491723e+02 6.40351676e-13 0.00000000e+00
1.40053055e+02 6.46268842e-13 0.00000000e+00
1.42662102e+02 6.52132218e-13 0.00000000e+00
1.45319752e+02 6.57937892e-13 0.00000000e+00
1.48026913e+02 6.63681896e-13 0.00000000e+00
1.50784505e+02 6.69360209e-13 0.00000000e+00
1.53593468e+02 6.74968759e-13 0.00000000e+00
1.56454759e+02 6.80503433e-13 0.00000000e+00
1.59369353e+02 6.85960069e-13 0.00000000e+00
1.62338243e+02 6.91334471e-13 0.00000000e+00
1.65362441e+02 6.96622407e-13 0.00000000e+00
1.68442976e+02 7.01819611e-13 0.00000000e+00
1.71580899e+02 7.06921795e-13 0.00000000e+00
1.74777277e+02 7.11924645e-13 0.00000000e+00
1.78033202e+02 7.16823831e-13 0.00000000e+00
1.81349780e+02 7.21615011e-13 0.00000000e+00
1.84728144e+02 7.26293835e-13 0.00000000e+00
1.88169442e+02 7.30855950e-13 0.00000000e+00
1.91674849e+02 7.35297007e-13 0.00000000e+00
1.95245558e+02 7.39612664e-13 0.00000000e+00
1.98882786e+02 7.43798595e-13 0.00000000e+00
2.02587771e+02 7.47850495e-13 0.00000000e+00
2.06361777e+02 7.51764083e-13 0.00000000e+00
2.10206088e+02 7.55535114e-13 0.00000000e+00
2.14122015e+02 7.59159378e-13 0.00000000e+00
2.18110892e+02 7.62632714e-13 0.00000000e+00
2.22174078e+02 7.65951012e-13 0.00000000e+00
2.26312957e+02 7.69110221e-13 0.00000000e+00
2.30528939e+02 7.72106355e-13 0.00000000e+00
2.34823460e+02 7.74935503e-13 0.00000000e+00
2.39197984e+02 7.77593830e-13 0.00000000e+00
2.43654001e+02 7.80077592e-13 0.00000000e+00
2.48193029e+02 7.82383136e-13 0.00000000e+00
2.52816614e+02 7.84506910e-13 0.00000000e+00
2.57526333e+02 7.86445472e-13 0.00000000e+00
2.62323788e+02 7.88195494e-13 0.00000000e+00
2.67210616e+02 7.89753769e-13 0.00000000e+00
2.72188479e+02 7.91117222e-13 0.00000000e+00
2.77259076e+02 7.92282913e-13 0.00000000e+00
2.82424133e+02 7.93248046e-13 0.00000000e+00
2.87685409e+02 7.94009973e-13 0.00000000e+00
2.93044698e+02 7.94566205e-13 0.00000000e+00
2.98503825e+02 7.94914416e-13 0.00000000e+00
3.04064649e+02 7.95052449e-13 0.00000000e+00
3.09729067e+02 7.94978323e-13 0.00000000e+00
3.15499006e+02 7.94690240e-13 0.00000000e+00
3.21376434e+02 7.94186590e-13 0.00000000e+00
3.27363353e+02 7.93465953e-13 0.00000000e+00
3.33461802e+02 7.92527112e-13 0.00000000e+00
3.39673858e+02 7.91369051e-13 0.00000000e+00
3.46001639e+02 7.89990964e-13 0.00000000e+00
3.52447300e+02 7.88392255e-13 0.00000000e+00
3.59013038e+02 7.86572547e-13 0.00000000e+00
3.65701088e+02 7.84531683e-13 0.00000000e+00
3.72513730e+02 7.82269729e-13 0.00000000e+00
3.79453285e+02 7.79786979e-13 0.00000000e+00
3.86522116e+02 7.77083955e-13 0.00000000e+00
3.93722633e+02 7.74161410e-13 0.00000000e+00
4.01057288e+02 7.71020329e-13 0.00000000e+00
4.08528580e+02 7.67661934e-13 0.00000000e+00
4.16139055e+02 7.64087679e-13 0.00000000e+00
4.23891306e+02 7.60299253e-13 0.00000000e+00
4.31787973e+02 7.56298582e-13 0.00000000e+00
4.39831747e+02 7.52087822e-13 0.00000000e+00
4.48025368e+02 7.47669364e-13 0.00000000e+00
4.56371628e+02 7.43045832e-13 0.00000000e+00
4.64873371e+02 7.38220074e-13 0.00000000e+00
4.73533492e+02 7.33195167e-13 0.00000000e+00
4.82354943e+02 7.27974410e-13 0.00000000e+00
4.91340729e+02 7.22561321e-13 0.00000000e+00
5.00493910e+02 7.16959633e-13 0.00000000e+00
5.09817606e+02 7.11173287e-13 0.00000000e+00
5.19314994e+02 7.05206430e-13 0.00000000e+00
5.28989308e+02 6.99063410e-13 0.00000000e+00
5.38843844e+02 6.92748763e-13 0.00000000e+00
5.48881961e+02 6.86267215e-13 0.00000000e+00
5.59107078e+02 6.79623669e-13 0.00000000e+00
5.69522678e+02 6.72823202e-13 0.00000000e+00
5.80132310e+02 6.65871051e-13 0.00000000e+00
5.90939590e+02 6.58772611e-13 0.00000000e+00
6.01948197e+02 6.51533423e-13 0.00000000e+00
6.13161884e+02 6.44159166e-13 0.00000000e+00
6.24584471e+02 6.36655647e-13 0.00000000e+00
6.36219849e+02 6.29028791e-13 0.00000000e+00
6.48071983e+02 6.21284636e-13 0.00000000e+00
6.60144909e+02 6.13429314e-13 0.00000000e+00
6.72442742e+02 6.05469048e-13 0.00000000e+00
6.84969672e+02 5.97410139e-13 0.00000000e+00
6.97729965e+02 5.89258956e-13 0.00000000e+00
7.10727970e+02 5.81021925e-13 0.00000000e+00
7.23968114e+02 5.72705517e-13 0.00000000e+00
7.37454909e+02 5.64316238e-13 0.00000000e+00
7.51192949e+02 5.55860620e-13 0.00000000e+00
7.65186915e+02 5.47345207e-13 0.00000000e+00
7.79441575e+02 5.38776545e-13 0.00000000e+00
7.93961785e+02 5.30161174e-13 0.00000000e+00
8.08752491e+02 5.21505613e-13 0.00000000e+00
8.23818733e+02 5.12816353e-13 0.00000000e+00
8.39165644e+02 5.04099843e-13 0.00000000e+00
8.54798453e+02 4.95362483e-13 0.00000000e+00
8.70722485e+02 4.86610615e-13 0.00000000e+00
8.86943166e+02 4.77850508e-13 0.00000000e+00
9.03466021e+02 4.69088353e-13 0.00000000e+00
9.20296681e+02 4.60330253e-13 0.00000000e+00
9.37440879e+02 4.51582213e-13 0.00000000e+00
9.54904456e+02 4.42850133e-13 0.00000000e+00
9.72693362e+02 4.34139798e-13 0.00000000e+00
9.90813657e+02 4.25456870e-13 0.00000000e+00
1.00927151e+03 4.16806886e-13 0.00000000e+00
1.02807322e+03 4.08195242e-13 0.00000000e+00
1.04722519e+03 3.99627195e-13 0.00000000e+00
1.06673394e+03 3.91107850e-13 0.00000000e+00
1.08660611e+03 3.82642160e-13 0.00000000e+00
1.10684849e+03 3.74234917e-13 0.00000000e+00
1.12746796e+03 3.65890748e-13 0.00000000e+00
1.14847155e+03 3.57614113e-13 0.00000000e+00
1.16986641e+03 3.49409297e-13 0.00000000e+00
1.19165984e+03 3.41280411e-13 0.00000000e+00
1.21385926e+03 3.33231385e-13 0.00000000e+00
1.23647224e+03 3.25265970e-13 0.00000000e+00
1.25950646e+03 3.17387731e-13 0.00000000e+00
1.28296980e+03 3.09600051e-13 0.00000000e+00
1.30687023e+03 3.01906126e-13 0.00000000e+00
1.33121590e+03 2.94308964e-13 0.00000000e+00
1.35601511e+03 2.86811388e-13 0.00000000e+00
1.38127630e+03 2.79416034e-13 0.00000000e+00
1.40700809e+03 2.72125353e-13 0.00000000e+00
1.43321923e+03 2.64941610e-13 0.00000000e+00
1.45991865e+03 2.57866886e-13 0.00000000e+00
1.48711546e+03 2.50903084e-13 0.00000000e+00
1.51481892e+03 2.44051923e-13 0.00000000e+00
1.54303847e+03 2.37314949e-13 0.00000000e+00
1.57178372e+03 2.30693531e-13 0.00000000e+00
1.60106446e+03 2.24188868e-13 0.00000000e+00
1.63089068e+03 2.17801991e-13 0.00000000e+00
1.66127252e+03 2.11533767e-13 0.00000000e+00
1.69222035e+03 2.05384904e-13 0.00000000e+00
1.72374471e+03 1.99355951e-13 0.00000000e+00
1.75585633e+03 1.93447308e-13 0.00000000e+00
1.78856616e+03 1.87659226e-13 0.00000000e+00
1.82188534e+03 1.81991813e-13 0.00000000e+00
1.85582523e+03 1.76445040e-13 0.00000000e+00
1.89039738e+03 1.71018743e-13 0.00000000e+00
1.92561357e+03 1.65712633e-13 0.00000000e+00
1.96148581e+03 1.60526295e-13 0.00000000e+00
1.99802631e+03 1.55459196e-13 0.00000000e+00
2.03524752e+03 1.50510694e-13 0.00000000e+00
2.07316213e+03 1.45680035e-13 0.00000000e+00
2.11178304e+03 1.40966366e-13 0.00000000e+00
2.15112343e+03 1.36368735e-13 0.00000000e+00
2.19119669e+03 1.31886100e-13 0.00000000e+00
2.23201647e+03 1.27517332e-13 0.00000000e+00
2.27359668e+03 1.23261221e-13 0.00000000e+00
2.31595149e+03 1.19116481e-13 0.00000000e+00
2.35909533e+03 1.15081754e-13 0.00000000e+00
2.40304289e+03 1.11155619e-13 0.00000000e+00
2.44780916e+03 1.07336591e-13 0.00000000e+00
2.49340937e+03 1.03623130e-13 0.00000000e+00
2.53985907e+03 1.00013646e-13 0.00000000e+00
2.58717408e+03 9.65065003e-14 0.00000000e+00
2.63537052e+03 9.31000137e-14 0.00000000e+00
2.68446481e+03 8.97924686e-14 0.00000000e+00
2.73447368e+03 8.65821141e-14 0.00000000e+00
2.78541416e+03 8.34671699e-14 0.00000000e+00
2.83730362e+03 8.04458307e-14 0.00000000e+00
2.89015972e+03 7.75162698e-14 0.00000000e+00
2.94400048e+03 7.46766427e-14 0.00000000e+00
2.99884423e+03 7.19250910e-14 0.00000000e+00
3.05470967e+03 6.92597456e-14 0.00000000e+00
3.11161583e+03 6.66787300e-14 0.00000000e+00
3.16958209e+03 6.41801639e-14 0.00000000e+00
3.22862820e+03 6.17621652e-14 0.00000000e+00
3.28877429e+03 5.94228541e-14 0.00000000e+00
3.35004083e+03 5.71603546e-14 0.00000000e+00
3.41244871e+03 5.49727979e-14 0.00000000e+00
3.47601918e+03 5.28583244e-14 0.00000000e+00
3.54077391e+03 5.08150861e-14 0.00000000e+00
3.60673495e+03 4.88412486e-14 0.00000000e+00
3.67392478e+03 4.69349931e-14 0.00000000e+00
3.74236629e+03 4.50945185e-14 0.00000000e+00
3.81208280e+03 4.33180426e-14 0.00000000e+00
3.88309805e+03 4.16038042e-14 0.00000000e+00
3.95543624e+03 3.99500644e-14 0.00000000e+00
4.02912203e+03 3.83551076e-14 0.00000000e+00
4.10418050e+03 3.68172433e-14 0.00000000e+00
4.18063724e+03 3.53348066e-14 0.00000000e+00
4.25851829e+03 3.39061596e-14 0.00000000e+00
4.33785019e+03 3.25296924e-14 0.00000000e+00
4.41865996e+03 3.12038232e-14 0.00000000e+00
4.50097513e+03 2.99269999e-14 0.00000000e+00
4.58482375e+03 2.86977000e-14 0.00000000e+00
4.67023439e+03 2.75144313e-14 0.00000000e+00
4.75723614e+03 2.63757326e-14 0.00000000e+00
4.84585864e+03 2.52801736e-14 0.00000000e+00
4.93613210e+03 2.42263554e-14 0.00000000e+00
5.02808725e+03 2.32129107e-14 0.00000000e+00
5.12175544e+03 2.22385040e-14 0.00000000e+00
5.21716858e+03 2.13018314e-14 0.00000000e+00
5.31435916e+03 2.04016208e-14 0.00000000e+00
5.41336030e+03 1.95366319e-14 0.00000000e+00
5.51420574e+03 1.87056557e-14 0.00000000e+00
5.61692982e+03 1.79075148e-14 0.00000000e+00
5.72156756e+03 1.71410632e-14 0.00000000e+00
5.82815458e+03 1.64051856e-14 0.00000000e+00
5.93672722e+03 1.56987975e-14 0.00000000e+00
6.04732245e+03 1.50208446e-14 0.00000000e+00
6.15997796e+03 1.43703030e-14 0.00000000e+00
6.27473213e+03 1.37461780e-14 0.00000000e+00
6.39162405e+03 1.31475043e-14 0.00000000e+00
6.51069356e+03 1.25733453e-14 0.00000000e+00
6.63198120e+03 1.20227930e-14 0.00000000e+00
6.75552832e+03 1.14949667e-14 0.00000000e+00
6.88137699e+03 1.09890135e-14 0.00000000e+00
7.00957009e+03 1.05041072e-14 0.00000000e+00
7.14015130e+03 1.00394479e-14 0.00000000e+00
7.27316511e+03 9.59426124e-15 0.00000000e+00
7.40865683e+03 9.16779847e-15 0.00000000e+00
7.54667263e+03 8.75933527e-15 0.00000000e+00
7.68725952e+03 8.36817151e-15 0.00000000e+00
7.83046540e+03 7.99363060e-15 0.00000000e+00
7.97633907e+03 7.63505895e-15 0.00000000e+00
8.12493021e+03 7.29182538e-15 0.00000000e+00
8.27628946e+03 6.96332059e-15 0.00000000e+00
8.43046837e+03 6.64895656e-15 0.00000000e+00
8.58751948e+03 6.34816601e-15 0.00000000e+00
8.74749630e+03 6.06040183e-15 0.00000000e+00
8.91045332e+03 5.78513652e-15 0.00000000e+00
9.07644607e+03 5.52186167e-15 0.00000000e+00
9.24553110e+03 5.27008736e-15 0.00000000e+00
9.41776601e+03 5.02934167e-15 0.00000000e+00
9.59320948e+03 4.79917012e-15 0.00000000e+00
9.77192128e+03 4.57913518e-15 0.00000000e+00
9.95396231e+03 4.36881570e-15 0.00000000e+00
1.01393946e+04 4.16780644e-15 0.00000000e+00
1.03282813e+04 3.97571756e-15 0.00000000e+00
1.05206867e+04 3.79217414e-15 0.00000000e+00
1.07166765e+04 3.61681568e-15 0.00000000e+00
1.09163173e+04 3.44929564e-15 0.00000000e+00
1.11196773e+04 3.28928099e-15 0.00000000e+00
1.13268257e+04 3.13645171e-15 0.00000000e+00
1.15378330e+04 2.99050043e-15 0.00000000e+00
1.17527712e+04 2.85113194e-15 0.00000000e+00
1.19717134e+04 2.71806277e-15 0.00000000e+00
1.21947344e+04 2.59102081e-15 0.00000000e+00
1.24219100e+04 2.46974490e-15 0.00000000e+00
1.26533176e+04 2.35398443e-15 0.00000000e+00
1.28890361e+04 2.24349897e-15 0.00000000e+00
1.31291459e+04 2.13805790e-15 0.00000000e+00
1.33737286e+04 2.03744006e-15 0.00000000e+00
1.36228676e+04 1.94143339e-15 0.00000000e+00
1.38766479e+04 1.84983462e-15 0.00000000e+00
1.41351558e+04 1.76244889e-15 0.00000000e+00
1.43984795e+04 1.67908950e-15 0.00000000e+00
1.46667087e+04 1.59957753e-15 0.00000000e+00
1.49399346e+04 1.52374163e-15 0.00000000e+00
1.52182505e+04 1.45141764e-15 0.00000000e+00
1.55017512e+04 1.38244836e-15 0.00000000e+00
1.57905331e+04 1.31668329e-15 0.00000000e+00
1.60846948e+04 1.25397834e-15 0.00000000e+00
1.63843365e+04 1.19419559e-15 0.00000000e+00
1.66895601e+04 1.13720304e-15 0.00000000e+00
1.70004698e+04 1.08287439e-15 0.00000000e+00
1.73171713e+04 1.03108880e-15 0.00000000e+00
1.76397728e+04 9.81730665e-16 0.00000000e+00
1.79683839e+04 9.34689413e-16 0.00000000e+00
1.83031168e+04 8.89859302e-16 0.00000000e+00
1.86440853e+04 8.47139217e-16 0.00000000e+00
1.89914058e+04 8.06432483e-16 0.00000000e+00
1.93451965e+04 7.67646680e-16 0.00000000e+00
1.97055780e+04 7.30693472e-16 0.00000000e+00
2.00726730e+04 6.95488430e-16 0.00000000e+00
2.04466067e+04 6.61950876e-16 0.00000000e+00
2.08275063e+04 6.30003720e-16 0.00000000e+00
2.12155017e+04 5.99573313e-16 0.00000000e+00
2.16107251e+04 5.70589301e-16 0.00000000e+00
2.20133111e+04 5.42984483e-16 0.00000000e+00
2.24233968e+04 5.16694678e-16 0.00000000e+00
2.28411221e+04 4.91658597e-16 0.00000000e+00
2.32666291e+04 4.67817719e-16 0.00000000e+00
2.37000629e+04 4.45116171e-16 0.00000000e+00
2.41415712e+04 4.23500611e-16 0.00000000e+00
2.45913043e+04 4.02920125e-16 0.00000000e+00
2.50494154e+04 3.83326116e-16 0.00000000e+00
2.55160607e+04 3.64672205e-16 0.00000000e+00
2.59913992e+04 3.46914132e-16 0.00000000e+00
2.64755927e+04 3.30009666e-16 0.00000000e+00
2.69688063e+04 3.13918516e-16 0.00000000e+00
2.74712079e+04 2.98602242e-16 0.00000000e+00
2.79829688e+04 2.84024175e-16 0.00000000e+00
2.85042632e+04 2.70149339e-16 0.00000000e+00
2.90352688e+04 2.56944375e-16 0.00000000e+00
2.95761666e+04 2.44377468e-16 0.00000000e+00
3.01271407e+04 2.32418282e-16 0.00000000e+00
3.06883789e+04 2.21037887e-16 0.00000000e+00
3.12600724e+04 2.10208702e-16 0.00000000e+00
3.18424160e+04 1.99904431e-16 0.00000000e+00
3.24356081e+04 1.90100006e-16 0.00000000e+00
3.30398507e+04 1.80771530e-16 0.00000000e+00
3.36553498e+04 1.71896226e-16 0.00000000e+00
3.42823149e+04 1.63452386e-16 0.00000000e+00
3.49209598e+04 1.55419320e-16 0.00000000e+00
3.55715021e+04 1.47777313e-16 0.00000000e+00
3.62341632e+04 1.40507576e-16 0.00000000e+00
3.69091691e+04 1.33592209e-16 0.00000000e+00
3.75967497e+04 1.27014153e-16 0.00000000e+00
3.82971391e+04 1.20757161e-16 0.00000000e+00
3.90105762e+04 1.14805750e-16 0.00000000e+00
3.97373038e+04 1.09145174e-16 0.00000000e+00
4.04775697e+04 1.03761387e-16 0.00000000e+00
4.12316259e+04 9.86410074e-17 0.00000000e+00
4.19997295e+04 9.37712932e-17 0.00000000e+00
4.27821420e+04 8.91401077e-17 0.00000000e+00
4.35791301e+04 8.47358932e-17 0.00000000e+00
4.43909653e+04 8.05476434e-17 0.00000000e+00
4.52179242e+04 7.65648780e-17 0.00000000e+00
4.60602884e+04 7.27776180e-17 0.00000000e+00
4.69183451e+04 6.91763620e-17 0.00000000e+00
4.77923865e+04 6.57520641e-17 0.00000000e+00
4.86827104e+04 6.24961123e-17 0.00000000e+00
4.95896201e+04 5.94003081e-17 0.00000000e+00
5.05134247e+04 5.64568470e-17 0.00000000e+00
5.14544388e+04 5.36583002e-17 0.00000000e+00
5.24129830e+04 5.09975965e-17 0.00000000e+00
5.33893840e+04 4.84680053e-17 0.00000000e+00
5.43839743e+04 4.60631209e-17 0.00000000e+00
5.53970928e+04 4.37768470e-17 0.00000000e+00
5.64290847e+04 4.16033814e-17 0.00000000e+00
5.74803016e+04 3.95372030e-17 0.00000000e+00
5.85511016e+04 3.75730576e-17 0.00000000e+00
5.96418495e+04 3.57059457e-17 0.00000000e+00
6.07529169e+04 3.39311099e-17 0.00000000e+00
6.18846824e+04 3.22440239e-17 0.00000000e+00
6.30375315e+04 3.06403809e-17 0.00000000e+00
6.42118571e+04 2.91160835e-17 0.00000000e+00
6.54080591e+04 2.76672335e-17 0.00000000e+00
6.66265452e+04 2.62901221e-17 0.00000000e+00
6.78677305e+04 2.49812215e-17 0.00000000e+00
6.91320378e+04 2.37371755e-17 0.00000000e+00
7.04198979e+04 2.25547915e-17 0.00000000e+00
7.17317494e+04 2.14310328e-17 0.00000000e+00
7.30680395e+04 2.03630109e-17 0.00000000e+00
7.44292233e+04 1.93479783e-17 0.00000000e+00
7.58157646e+04 1.83833219e-17 0.00000000e+00
7.72281357e+04 1.74665563e-17 0.00000000e+00
7.86668179e+04 1.65953177e-17 0.00000000e+00
8.01323013e+04 1.57673583e-17 0.00000000e+00
8.16250851e+04 1.49805401e-17 0.00000000e+00
8.31456781e+04 1.42328300e-17 0.00000000e+00
8.46945981e+04 1.35222946e-17 0.00000000e+00
8.62723729e+04 1.28470956e-17 0.00000000e+00
8.78795401e+04 1.22054846e-17 0.00000000e+00
8.95166472e+04 1.15957994e-17 0.00000000e+00
9.11842520e+04 1.10164592e-17 0.00000000e+00
9.28829225e+04 1.04659612e-17 0.00000000e+00
9.46132376e+04 9.94287631e-18 0.00000000e+00
9.63757866e+04 9.44584594e-18 0.00000000e+00
9.81711702e+04 8.97357834e-18 0.00000000e+00
1.00000000e+05 8.52484539e-18 0.00000000e+00
